1 0.104167 0.083851 0.118750 0.132919
1 0.293229 0.102484 0.126042 0.125466
1 0.503646 0.096273 0.078125 0.108075
1 0.098958 0.293789 0.125000 0.185093
1 0.098437 0.487578 0.136458 0.125466
1 0.304688 0.292547 0.132292 0.155280
1 0.695833 0.281988 0.133333 0.146584
1 0.889062 0.275155 0.117708 0.145342
1 0.706771 0.105590 0.090625 0.101863
1 0.505208 0.687578 0.120833 0.145342
1 0.716667 0.684472 0.097917 0.121739
1 0.296875 0.699379 0.120833 0.139130
1 0.908333 0.494410 0.122917 0.141615
1 0.307812 0.486957 0.107292 0.134161
1 0.496354 0.266460 0.092708 0.115528
